20000 0.00000028 0.00000018
40000 0.00000032 0.00000017
60000 0.00000038 0.00000019
80000 0.00000039 0.00000026
100000 0.00000054 0.00000024
120000 0.00000048 0.00000028
140000 0.00000051 0.00000034
160000 0.00000056 0.00000035
180000 0.00000064 0.00000033
200000 0.00000062 0.00000036
220000 0.00000071 0.00000037
240000 0.00000071 0.00000040
260000 0.00000074 0.00000044
280000 0.00000085 0.00000047
300000 0.00000086 0.00000045
320000 0.00000092 0.00000045
340000 0.00000087 0.00000046
360000 0.00000092 0.00000047
380000 0.00000094 0.00000048
400000 0.00000093 0.00000048