20000 0.00000026 0.00000010
40000 0.00000030 0.00000011
60000 0.00000034 0.00000012
80000 0.00000038 0.00000013
100000 0.00000042 0.00000014
120000 0.00000046 0.00000015
140000 0.00000049 0.00000016
160000 0.00000055 0.00000017
180000 0.00000063 0.00000020
200000 0.00000067 0.00000021
220000 0.00000069 0.00000020
240000 0.00000070 0.00000020
260000 0.00000071 0.00000021
280000 0.00000073 0.00000022
300000 0.00000075 0.00000022
320000 0.00000077 0.00000023
340000 0.00000080 0.00000024
360000 0.00000083 0.00000024
380000 0.00000086 0.00000025
400000 0.00000090 0.00000025