20000 0.00000022 0.00000031
40000 0.00000025 0.00000036
60000 0.00000028 0.00000037
80000 0.00000030 0.00000038
100000 0.00000030 0.00000039
120000 0.00000031 0.00000040
140000 0.00000031 0.00000040
160000 0.00000032 0.00000041
180000 0.00000032 0.00000042
200000 0.00000033 0.00000043
220000 0.00000034 0.00000043
240000 0.00000036 0.00000044
260000 0.00000035 0.00000044
280000 0.00000035 0.00000045
300000 0.00000035 0.00000045
320000 0.00000036 0.00000046
340000 0.00000037 0.00000046
360000 0.00000037 0.00000046
380000 0.00000037 0.00000047
400000 0.00000038 0.00000047