 make run
gcc main.c hashtab.c bstree.c -o 1
./1
Загрузка 400000 слов из файла 'words.txt'...
Успешно загружено 400000 слов.


Таблица 1. Эксперимент 1: время поиска (lookup) в BST и Хеш-таблице (ELFHash)
------------------------------------------------------------------------
 #  | Кол-во элементов | bstree_lookup, с    | hashtab_lookup, с
------------------------------------------------------------------------
1   | 20000            | 0.00000027          | 0.00000010
2   | 40000            | 0.00000031          | 0.00000011
3   | 60000            | 0.00000035          | 0.00000011
4   | 80000            | 0.00000037          | 0.00000013
5   | 100000           | 0.00000041          | 0.00000014
6   | 120000           | 0.00000045          | 0.00000015
7   | 140000           | 0.00000048          | 0.00000016
8   | 160000           | 0.00000052          | 0.00000016
9   | 180000           | 0.00000055          | 0.00000017
10  | 200000           | 0.00000057          | 0.00000018
11  | 220000           | 0.00000060          | 0.00000019
12  | 240000           | 0.00000062          | 0.00000019
13  | 260000           | 0.00000065          | 0.00000020
14  | 280000           | 0.00000066          | 0.00000020
15  | 300000           | 0.00000068          | 0.00000021
16  | 320000           | 0.00000071          | 0.00000022
17  | 340000           | 0.00000072          | 0.00000022
18  | 360000           | 0.00000074          | 0.00000023
19  | 380000           | 0.00000074          | 0.00000023
20  | 400000           | 0.00000076          | 0.00000024
------------------------------------------------------------------------

Таблица 2. Эксперимент 2: время добавления (add) в BST и Хеш-таблицу
------------------------------------------------------------------------
 #  | Кол-во элементов | bstree_add, с       | hashtab_add, с
------------------------------------------------------------------------
1   | 20000            | 0.00000026          | 0.00000010
2   | 40000            | 0.00000030          | 0.00000011
3   | 60000            | 0.00000034          | 0.00000012
4   | 80000            | 0.00000038          | 0.00000013
5   | 100000           | 0.00000043          | 0.00000014
6   | 120000           | 0.00000045          | 0.00000015
7   | 140000           | 0.00000048          | 0.00000017
8   | 160000           | 0.00000074          | 0.00000020
9   | 180000           | 0.00000071          | 0.00000026
10  | 200000           | 0.00000066          | 0.00000018
11  | 220000           | 0.00000060          | 0.00000019
12  | 240000           | 0.00000060          | 0.00000019
13  | 260000           | 0.00000063          | 0.00000020
14  | 280000           | 0.00000064          | 0.00000021
15  | 300000           | 0.00000066          | 0.00000021
16  | 320000           | 0.00000067          | 0.00000022
17  | 340000           | 0.00000079          | 0.00000026
18  | 360000           | 0.00000082          | 0.00000023
19  | 380000           | 0.00000078          | 0.00000025
20  | 400000           | 0.00000073          | 0.00000024
------------------------------------------------------------------------

Таблица 6. Эксперимент 6: сравнение KRHash и ELFHash
+-----+--------+----------------------------+----------------------------+
|  #  |   N    |         KRHash             |         ELFHash            |
|     |        | lookup, с  | Коллизий      | lookup, с  | Коллизий      |
+-----+--------+------------+---------------+------------+---------------+
| 1   | 20000  | 0.00000007 | 500           | 0.00000010 | 550           |
| 2   | 40000  | 0.00000008 | 1889          | 0.00000011 | 2070          |
| 3   | 60000  | 0.00000009 | 4212          | 0.00000011 | 4592          |
| 4   | 80000  | 0.00000009 | 7493          | 0.00000012 | 8029          |
| 5   | 100000 | 0.00000011 | 11600         | 0.00000013 | 12388         |
| 6   | 120000 | 0.00000012 | 16356         | 0.00000014 | 17548         |
| 7   | 140000 | 0.00000012 | 21915         | 0.00000015 | 23381         |
| 8   | 160000 | 0.00000013 | 28173         | 0.00000016 | 29997         |
| 9   | 180000 | 0.00000014 | 35043         | 0.00000017 | 37331         |
| 10  | 200000 | 0.00000015 | 42593         | 0.00000018 | 45424         |
| 11  | 220000 | 0.00000015 | 50677         | 0.00000019 | 54062         |
| 12  | 240000 | 0.00000016 | 59378         | 0.00000019 | 63289         |
| 13  | 260000 | 0.00000016 | 68777         | 0.00000020 | 72915         |
| 14  | 280000 | 0.00000017 | 78516         | 0.00000021 | 83296         |
| 15  | 300000 | 0.00000018 | 88773         | 0.00000021 | 94153         |
| 16  | 320000 | 0.00000018 | 99609         | 0.00000022 | 105327        |
| 17  | 340000 | 0.00000019 | 110710        | 0.00000022 | 116939        |
| 18  | 360000 | 0.00000019 | 122369        | 0.00000023 | 128954        |
| 19  | 380000 | 0.00000020 | 134376        | 0.00000024 | 141337        |
| 20  | 400000 | 0.00000020 | 146766        | 0.00000024 | 154206        |
+-----+--------+------------+---------------+------------+---------------+

