20000 0.00000037 0.00000021
40000 0.00000053 0.00000029
60000 0.00000075 0.00000032
80000 0.00000084 0.00000035
100000 0.00000090 0.00000036
120000 0.00000095 0.00000038
140000 0.00000099 0.00000044
160000 0.00000102 0.00000040
180000 0.00000106 0.00000039
200000 0.00000115 0.00000047
220000 0.00000117 0.00000041
240000 0.00000140 0.00000044
260000 0.00000126 0.00000052
280000 0.00000126 0.00000045
300000 0.00000123 0.00000045
320000 0.00000125 0.00000054
340000 0.00000133 0.00000048
360000 0.00000127 0.00000049
380000 0.00000128 0.00000049
400000 0.00000129 0.00000048