20000 0.00000014 0.00000022
40000 0.00000019 0.00000031
60000 0.00000023 0.00000034
80000 0.00000024 0.00000037
100000 0.00000024 0.00000038
120000 0.00000026 0.00000038
140000 0.00000026 0.00000040
160000 0.00000027 0.00000041
180000 0.00000028 0.00000042
200000 0.00000030 0.00000042
220000 0.00000030 0.00000044
240000 0.00000030 0.00000044
260000 0.00000033 0.00000044
280000 0.00000031 0.00000044
300000 0.00000032 0.00000046
320000 0.00000032 0.00000047
340000 0.00000032 0.00000048
360000 0.00000033 0.00000047
380000 0.00000036 0.00000048
400000 0.00000044 0.00000049