20000 0.00000040 0.00000023
40000 0.00000059 0.00000028
60000 0.00000074 0.00000033
80000 0.00000088 0.00000035
100000 0.00000093 0.00000042
120000 0.00000101 0.00000041
140000 0.00000103 0.00000043
160000 0.00000106 0.00000044
180000 0.00000111 0.00000047
200000 0.00000115 0.00000047
220000 0.00000117 0.00000048
240000 0.00000120 0.00000049
260000 0.00000122 0.00000051
280000 0.00000123 0.00000051
300000 0.00000128 0.00000052
320000 0.00000130 0.00000053
340000 0.00000134 0.00000053
360000 0.00000129 0.00000054
380000 0.00000131 0.00000055
400000 0.00000133 0.00000056