gcc main.c hashtab.c bstree.c -o 1
./1
Загрузка 400000 слов из файла 'words.txt'...
Успешно загружено 400000 слов.


Таблица 1. Эксперимент 1: время поиска (lookup) в BST и Хеш-таблице (ELFHash)
------------------------------------------------------------------------
 #  | Кол-во элементов | bstree_lookup, с    | hashtab_lookup, с
------------------------------------------------------------------------
1   | 20000            | 0.00000037          | 0.00000021
2   | 40000            | 0.00000053          | 0.00000029
3   | 60000            | 0.00000075          | 0.00000032
4   | 80000            | 0.00000084          | 0.00000035
5   | 100000           | 0.00000090          | 0.00000036
6   | 120000           | 0.00000095          | 0.00000038
7   | 140000           | 0.00000099          | 0.00000044
8   | 160000           | 0.00000102          | 0.00000040
9   | 180000           | 0.00000106          | 0.00000039
10  | 200000           | 0.00000115          | 0.00000047
11  | 220000           | 0.00000117          | 0.00000041
12  | 240000           | 0.00000140          | 0.00000044
13  | 260000           | 0.00000126          | 0.00000052
14  | 280000           | 0.00000126          | 0.00000045
15  | 300000           | 0.00000123          | 0.00000045
16  | 320000           | 0.00000125          | 0.00000054
17  | 340000           | 0.00000133          | 0.00000048
18  | 360000           | 0.00000127          | 0.00000049
19  | 380000           | 0.00000128          | 0.00000049
20  | 400000           | 0.00000129          | 0.00000048
------------------------------------------------------------------------

Таблица 2. Эксперимент 2: время добавления (add) в BST и Хеш-таблицу
------------------------------------------------------------------------
 #  | Кол-во элементов | bstree_add, с       | hashtab_add, с
------------------------------------------------------------------------
1   | 20000            | 0.00000040          | 0.00000023
2   | 40000            | 0.00000059          | 0.00000028
3   | 60000            | 0.00000074          | 0.00000033
4   | 80000            | 0.00000088          | 0.00000035
5   | 100000           | 0.00000093          | 0.00000042
6   | 120000           | 0.00000101          | 0.00000041
7   | 140000           | 0.00000103          | 0.00000043
8   | 160000           | 0.00000106          | 0.00000044
9   | 180000           | 0.00000111          | 0.00000047
10  | 200000           | 0.00000115          | 0.00000047
11  | 220000           | 0.00000117          | 0.00000048
12  | 240000           | 0.00000120          | 0.00000049
13  | 260000           | 0.00000122          | 0.00000051
14  | 280000           | 0.00000123          | 0.00000051
15  | 300000           | 0.00000128          | 0.00000052
16  | 320000           | 0.00000130          | 0.00000053
17  | 340000           | 0.00000134          | 0.00000053
18  | 360000           | 0.00000129          | 0.00000054
19  | 380000           | 0.00000131          | 0.00000055
20  | 400000           | 0.00000133          | 0.00000056
------------------------------------------------------------------------

Таблица 6. Эксперимент 6: сравнение KRHash и ELFHash
+-----+--------+----------------------------+----------------------------+
|  #  |   N    |         KRHash             |         ELFHash            |
|     |        | lookup, с  | Коллизий      | lookup, с  | Коллизий      |
+-----+--------+------------+---------------+------------+---------------+
| 1   | 20000  | 0.00000014 | 500           | 0.00000022 | 550           |
| 2   | 40000  | 0.00000019 | 1889          | 0.00000031 | 2070          |
| 3   | 60000  | 0.00000023 | 4212          | 0.00000034 | 4592          |
| 4   | 80000  | 0.00000024 | 7493          | 0.00000037 | 8029          |
| 5   | 100000 | 0.00000024 | 11600         | 0.00000038 | 12388         |
| 6   | 120000 | 0.00000026 | 16356         | 0.00000038 | 17548         |
| 7   | 140000 | 0.00000026 | 21915         | 0.00000040 | 23381         |
| 8   | 160000 | 0.00000027 | 28173         | 0.00000041 | 29997         |
| 9   | 180000 | 0.00000028 | 35043         | 0.00000042 | 37331         |
| 10  | 200000 | 0.00000030 | 42593         | 0.00000042 | 45424         |
| 11  | 220000 | 0.00000030 | 50677         | 0.00000044 | 54062         |
| 12  | 240000 | 0.00000030 | 59378         | 0.00000044 | 63289         |
| 13  | 260000 | 0.00000033 | 68777         | 0.00000044 | 72915         |
| 14  | 280000 | 0.00000031 | 78516         | 0.00000044 | 83296         |
| 15  | 300000 | 0.00000032 | 88773         | 0.00000046 | 94153         |
| 16  | 320000 | 0.00000032 | 99609         | 0.00000047 | 105327        |
| 17  | 340000 | 0.00000032 | 110710        | 0.00000048 | 116939        |
| 18  | 360000 | 0.00000033 | 122369        | 0.00000047 | 128954        |
| 19  | 380000 | 0.00000036 | 134376        | 0.00000048 | 141337        |
| 20  | 400000 | 0.00000044 | 146766        | 0.00000049 | 154206        |
+-----+--------+------------+---------------+------------+---------------+

Таблица 6. Эксперимент 6: сравнение DJB2Hash и ELFHash
+-----+--------+----------------------------+----------------------------+
|  #  |   N    |         DJB2Hash           |         ELFHash            |
|     |        | lookup, с  | Коллизий      | lookup, с  | Коллизий      |
+-----+--------+------------+---------------+------------+---------------+
| 1   | 20000  | 0.00000012 | 487           | 0.00000019 | 550           |
| 2   | 40000  | 0.00000016 | 1896          | 0.00000027 | 2070          |
| 3   | 60000  | 0.00000019 | 4252          | 0.00000031 | 4592          |
| 4   | 80000  | 0.00000021 | 7508          | 0.00000032 | 8029          |
| 5   | 100000 | 0.00000022 | 11555         | 0.00000034 | 12388         |
| 6   | 120000 | 0.00000023 | 16366         | 0.00000038 | 17548         |
| 7   | 140000 | 0.00000024 | 21942         | 0.00000039 | 23381         |
| 8   | 160000 | 0.00000025 | 28222         | 0.00000039 | 29997         |
| 9   | 180000 | 0.00000026 | 35091         | 0.00000041 | 37331         |
| 10  | 200000 | 0.00000027 | 42615         | 0.00000042 | 45424         |
| 11  | 220000 | 0.00000028 | 50747         | 0.00000043 | 54062         |
| 12  | 240000 | 0.00000028 | 59455         | 0.00000044 | 63289         |
| 13  | 260000 | 0.00000029 | 68880         | 0.00000045 | 72915         |
| 14  | 280000 | 0.00000030 | 78691         | 0.00000045 | 83296         |
| 15  | 300000 | 0.00000030 | 89079         | 0.00000046 | 94153         |
| 16  | 320000 | 0.00000030 | 99920         | 0.00000047 | 105327        |
| 17  | 340000 | 0.00000031 | 111018        | 0.00000047 | 116939        |
| 18  | 360000 | 0.00000032 | 122786        | 0.00000048 | 128954        |
| 19  | 380000 | 0.00000032 | 134972        | 0.00000048 | 141337        |
| 20  | 400000 | 0.00000032 | 147380        | 0.00000049 | 154206        |
+-----+--------+------------+---------------+------------+---------------+