20000 0.00000041 0.00000030
40000 0.00000061 0.00000035
60000 0.00000070 0.00000037
80000 0.00000078 0.00000038
100000 0.00000085 0.00000039
120000 0.00000090 0.00000039
140000 0.00000095 0.00000040
160000 0.00000097 0.00000041
180000 0.00000102 0.00000041
200000 0.00000104 0.00000042
220000 0.00000106 0.00000042
240000 0.00000108 0.00000043
260000 0.00000110 0.00000044
280000 0.00000113 0.00000044
300000 0.00000114 0.00000045
320000 0.00000116 0.00000046
340000 0.00000118 0.00000046
360000 0.00000120 0.00000048
380000 0.00000122 0.00000052
400000 0.00000125 0.00000047