20000 0.00000028 0.00000017
40000 0.00000032 0.00000022
60000 0.00000034 0.00000027
80000 0.00000040 0.00000028
100000 0.00000043 0.00000031
120000 0.00000048 0.00000032
140000 0.00000053 0.00000033
160000 0.00000060 0.00000031
180000 0.00000060 0.00000048
200000 0.00000073 0.00000039
220000 0.00000082 0.00000038
240000 0.00000079 0.00000042
260000 0.00000084 0.00000043
280000 0.00000083 0.00000045
300000 0.00000087 0.00000043
320000 0.00000099 0.00000045
340000 0.00000097 0.00000044
360000 0.00000097 0.00000049
380000 0.00000125 0.00000058
400000 0.00000132 0.00000053