20000 0.00000010 0.00000019
40000 0.00000009 0.00000027
60000 0.00000017 0.00000040
80000 0.00000041 0.00000030
100000 0.00000030 0.00000037
120000 0.00000028 0.00000037
140000 0.00000033 0.00000036
160000 0.00000035 0.00000046
180000 0.00000075 0.00000055
200000 0.00000038 0.00000051
220000 0.00000036 0.00000064
240000 0.00000039 0.00000055
260000 0.00000040 0.00000058
280000 0.00000038 0.00000053
300000 0.00000039 0.00000053
320000 0.00000040 0.00000055
340000 0.00000041 0.00000056
360000 0.00000041 0.00000055
380000 0.00000067 0.00000065
400000 0.00000041 0.00000052